Published as a conference paper at ICLR 2023
0 1 2 3 4 5 6 7 8 9
True Class
0
1
2
3
4
5
6
7
8
9 Predicted Class
0.89
0.01
0.03
0.01
0.01
0.00
0.00
0.00
0.03
0.01
0.01
0.94
0.00
0.00
0.00
0.00
0.00
0.00
0.01
0.03
0.02
0.00
0.84
0.03
0.03
0.02
0.03
0.01
0.00
0.00
0.01
0.00
0.03
0.77
0.03
0.10
0.03
0.02
0.01
0.01
0.01
0.00
0.02
0.03
0.88
0.02
0.02
0.02
0.00
0.00
0.00
0.00
0.02
0.09
0.02
0.83
0.01
0.02
0.00
0.00
0.01
0.00
0.02
0.03
0.01
0.01
0.91
0.00
0.00
0.00
0.01
0.00
0.01
0.02
0.03
0.03
0.00
0.90
0.00
0.00
0.03
0.01
0.00
0.00
0.00
0.00
0.00
0.00
0.93
0.01
0.01
0.04
0.00
0.00
0.00
0.00
0.00
0.00
0.01
0.92
0.0
0.2
0.4
0.6
0.8
1.0
0 1 2 3 4 5 6 7 8 9
Argmax Class
0
1
2
3
4
5
6
7
8
9 Predicted Class
0.95
0.00
0.01
0.00
0.00
0.00
0.00
0.00
0.01
0.01
0.00
0.97
0.00
0.00
0.00
0.00
0.00
0.00
0.00
0.01
0.01
0.00
0.93
0.01
0.01
0.01
0.01
0.00
0.00
0.00
0.00
0.00
0.01
0.90
0.01
0.04
0.01
0.01
0.00
0.00
0.00
0.00
0.01
0.01
0.94
0.01
0.01
0.01
0.00
0.00
0.00
0.00
0.01
0.04
0.01
0.93
0.00
0.01
0.00
0.00
0.00
0.00
0.01
0.01
0.01
0.00
0.96
0.00
0.00
0.00
0.00
0.00
0.00
0.01
0.01
0.01
0.00
0.96
0.00
0.00
0.01
0.00
0.00
0.00
0.00
0.00
0.00
0.00
0.97
0.01
0.01
0.01
0.00
0.00
0.00
0.00
0.00
0.00
0.01
0.96
0.0
0.2
0.4
0.6
0.8
1.0
Corrent Incorrect
Classification Result
0.97 0.79
0.0
0.2
0.4
0.6
0.8
1.0
Figure 13: Mean confidence scores on clean CIFAR-10 images for all non-isomorphic networks in
NAS-Bench-201. (top: label) For each true class label. ( middle: argmax) For each predicted
class label. (bottom: prediction) For correct and incorrect classifications.
19